1764789438877 0.7091836734693877 0
1764789439851 0.8163265306122449 1
1764789440864 0.8316326530612245 2
1764789441840 0.8316326530612245 3
1764789442861 0.9030612244897959 4
1764789443854 0.9336734693877551 5
1764789444868 0.8724489795918368 6
1764789445833 0.9540816326530612 7
1764789446808 0.9336734693877551 8
1764789447770 0.9438775510204082 9
1764789448756 0.923469387755102 10
1764789449709 0.9132653061224489 11
1764789450669 0.923469387755102 12
1764789451652 0.9489795918367347 13
1764789452619 0.9438775510204082 14
