1764789438877 0.5600543788501194 0
1764789439851 0.3764202205502257 1
1764789440864 0.2985043001874369 2
1764789441840 0.27192483933604494 3
1764789442861 0.23603671302600782 4
1764789443854 0.2129799714502023 5
1764789444868 0.22218642399019126 6
1764789445833 0.16926912887364018 7
1764789446808 0.1743618724297504 8
1764789447770 0.18186120050294058 9
1764789448756 0.1575669210157072 10
1764789449709 0.1775953213171083 11
1764789450669 0.17410620712504096 12
1764789451652 0.13637007499227718 13
1764789452619 0.1322732464391358 14
