1764789592126 0.45922172312833826 0
1764789593112 0.28051025830969517 1
1764789594057 0.21833472531668993 2
1764789595021 0.19859578749355006 3
1764789595990 0.19500287728650229 4
1764789596976 0.14784179232558425 5
1764789597983 0.17885971388646535 6
1764789598958 0.20621187407143263 7
1764789599914 0.2278128194869781 8
1764789600904 0.1637145353823292 9
1764789601870 0.13536482775697903 10
1764789602853 0.13250469375515775 11
1764789603896 0.1635223675747307 12
1764789604904 0.26748484008166257 13
1764789605891 0.24516407002181728 14
