1764789592126 0.7397959183673469 0
1764789593112 0.8469387755102041 1
1764789594057 0.9285714285714286 2
1764789595021 0.9183673469387755 3
1764789595990 0.9285714285714286 4
1764789596976 0.9540816326530612 5
1764789597983 0.923469387755102 6
1764789598958 0.9030612244897959 7
1764789599914 0.8877551020408163 8
1764789600904 0.9336734693877551 9
1764789601870 0.9438775510204082 10
1764789602853 0.9438775510204082 11
1764789603896 0.9183673469387755 12
1764789604904 0.8775510204081632 13
1764789605891 0.8775510204081632 14
