1764789959158 0.09264750150269924 0
1764789960510 0.00010743724383896083 1
1764789961671 0.000228086439981743 2
1764789962851 0.0775266910028519 3
1764789963975 0.043183725258354476 4
1764789965091 0.03625535770148343 5
1764789966257 0.0532347523293705 6
1764789967423 0.009048267319912508 7
1764789968615 0.002644810217375658 8
1764789969743 0.0003443658019282988 9
1764789970882 0.0004174357947741388 10
1764789972039 0.00026192181928995616 11
1764789973285 0.00027981520557956654 12
1764789974437 0.0001857404345266369 13
1764789975569 0.00015383321383245747 14
1764789976739 0.00020599889474545548 15
1764789977918 0.00010447467320773285 16
1764789979097 0.00016667762989824525 17
1764789980272 5.919039785465206e-05 18
1764789981429 6.541287910629169e-05 19
1764789982601 7.221663538669473e-05 20
1764789983723 8.367769048479149e-05 21
1764789984838 0.00014879557251593463 22
1764789986001 5.1901181422533914e-05 23
1764789987156 5.2841793668838886e-05 24
1764789988301 7.303700327003419e-05 25
1764789989444 0.00013437309731596876 26
1764789990610 3.448836417062141e-05 27
1764789991785 0.0004323111363136173 28
1764789992927 6.747743302593316e-05 29
1764789994069 0.0010277665904660743 30
1764789995244 2.5596323165682034e-05 31
1764789996370 0.008317063465979952 32
1764789997631 0.00012999683126601705 33
1764789998791 0.0002962006619225354 34
1764789999934 0.0004732134435953969 35
1764790001100 0.0012787881528218312 36
1764790002302 0.04326081767416029 37
1764790003473 0.062092534827997106 38
1764790004709 0.004593892205905702 39
1764789959158 0.09264750150269924 0
