1764778423588 0.23661173596434 0
1764778868020 0.19694874542494692 1
1764779312272 0.18720044113570136 2
1764779756865 0.18022337385764017 3
1764780201186 0.17483733351350955 4
1764780645830 0.1706350134565228 5
1764781089773 0.16609523485370875 6
1764781534142 0.16155799317491595 7
1764781978946 0.1574300847910945 8
1764782423358 0.15323176204719222 9
1764782867784 0.14873898216912745 10
1764783312358 0.1440817979924975 11
1764783756779 0.1394585514874843 12
1764784203083 0.13451366676798038 13
1764784647788 0.13028101329569047 14
1764785091954 0.12567424925110998 15
1764785537105 0.12109660241726487 16
1764785983791 0.11630681229665174 17
1764786428461 0.11165896568307546 18
1764786873424 0.10718310342925805 19
1764787318388 0.1031767270532331 20
1764787762786 0.09891955873676253 21
1764788208003 0.09487859084037266 22
1764788653091 0.0909134455938075 23
1764789097638 0.08683227486939694 24
1764778423588 0.23661173596434 0
