1764778423588 0.8980714188651053 0
1764778868020 0.9151202491573998 1
1764779312272 0.9189367058062181 2
1764779756865 0.9220274080452101 3
1764780201186 0.92424428003761 4
1764780645830 0.9261668284532291 5
1764781089773 0.9282015001361932 6
1764781534142 0.9301094237778107 7
1764781978946 0.9322032039223643 8
1764782423358 0.9341367209184845 9
1764782867784 0.9359508022602588 10
1764783312358 0.9383577963146789 11
1764783756779 0.9402462202576276 12
1764784203083 0.9425709499582889 13
1764784647788 0.9445812470179171 14
1764785091954 0.9468011658382341 15
1764785537105 0.9488760556497026 16
1764785983791 0.951363485961131 17
1764786428461 0.9533664706337585 18
1764786873424 0.9553859081771378 19
1764787318388 0.9573444091621771 20
1764787762786 0.9591438657299499 21
1764788208003 0.9611249132415751 22
1764788653091 0.9628384492620887 23
1764789097638 0.964798168978295 24
1764778423588 0.8980714188651053 0
