1764789514237 0.7295918367346939 0
1764789515213 0.8469387755102041 1
1764789516205 0.8877551020408163 2
1764789517173 0.9081632653061225 3
1764789518158 0.8826530612244898 4
1764789519155 0.8928571428571429 5
1764789520171 0.8622448979591837 6
1764789521129 0.9132653061224489 7
1764789522105 0.9336734693877551 8
1764789523063 0.9489795918367347 9
1764789524023 0.9183673469387755 10
1764789524986 0.9438775510204082 11
1764789525947 0.9846938775510204 12
1764789526927 0.9744897959183674 13
1764789527874 0.9438775510204082 14
