1764789514237 0.5036969127095475 0
1764789515213 0.33762062751517 1
1764789516205 0.27815883378593287 2
1764789517173 0.26784463318026797 3
1764789518158 0.27940133518102217 4
1764789519155 0.23910239399695882 5
1764789520171 0.2507675980426827 6
1764789521129 0.20919840980549248 7
1764789522105 0.20163006320291635 8
1764789523063 0.1848197269196413 9
1764789524023 0.18122126983136547 10
1764789524986 0.16647221695403663 11
1764789525947 0.1370866487220842 12
1764789526927 0.1318058906769266 13
1764789527874 0.16111583011795064 14
