1764789344992 0.7397959183673469 0
1764789345872 0.8163265306122449 1
1764789346791 0.8163265306122449 2
1764789347668 0.8163265306122449 3
1764789348573 0.8163265306122449 4
1764789349454 0.8163265306122449 5
1764789350351 0.8163265306122449 6
1764789351221 0.8214285714285714 7
1764789352135 0.8163265306122449 8
1764789353034 0.8163265306122449 9
1764789353956 0.8214285714285714 10
1764789354816 0.8469387755102041 11
1764789355702 0.8826530612244898 12
1764789356647 0.8622448979591837 13
1764789357530 0.8775510204081632 14
