1764789344992 0.590893105584748 0
1764789345872 0.4638959874912184 1
1764789346791 0.4259048298913605 2
1764789347668 0.40898772891686885 3
1764789348573 0.396198712441386 4
1764789349454 0.378500479824689 5
1764789350351 0.3644446706285282 6
1764789351221 0.34787332829163997 7
1764789352135 0.3314061493289714 8
1764789353034 0.334334883154655 9
1764789353956 0.3166714994883051 10
1764789354816 0.2996466713292258 11
1764789355702 0.2922769106772481 12
1764789356647 0.29515290503599206 13
1764789357530 0.28176081423856775 14
