1764789453911 0.8010204081632653 0
1764789454895 0.8214285714285714 1
1764789455857 0.8469387755102041 2
1764789456861 0.9183673469387755 3
1764789457873 0.9132653061224489 4
1764789458885 0.8928571428571429 5
1764789459867 0.9285714285714286 6
1764789460833 0.9132653061224489 7
1764789461801 0.923469387755102 8
1764789462828 0.9591836734693877 9
1764789463800 0.9642857142857143 10
1764789464757 0.9642857142857143 11
1764789465796 0.9438775510204082 12
1764789466781 0.9489795918367347 13
1764789467775 0.9438775510204082 14
