1764789453911 0.5091533727791845 0
1764789454895 0.31709917224183376 1
1764789455857 0.27520028349696374 2
1764789456861 0.2258804890574241 3
1764789457873 0.232175135794951 4
1764789458885 0.2224979133972404 5
1764789459867 0.19330284668474781 6
1764789460833 0.19071691985032996 7
1764789461801 0.16686455388458407 8
1764789462828 0.15910386187689646 9
1764789463800 0.1275297360760825 10
1764789464757 0.12302608635960793 11
1764789465796 0.16035436949103463 12
1764789466781 0.12078102845318463 13
1764789467775 0.11656632456852466 14
