1764789358738 0.7806122448979592 0
1764789359663 0.8163265306122449 1
1764789360630 0.8214285714285714 2
1764789361539 0.8214285714285714 3
1764789362437 0.8571428571428571 4
1764789363353 0.9183673469387755 5
1764789364269 0.8877551020408163 6
1764789365165 0.8979591836734694 7
1764789366036 0.9183673469387755 8
1764789366913 0.9285714285714286 9
1764789367845 0.9030612244897959 10
1764789368735 0.9183673469387755 11
1764789369621 0.9336734693877551 12
1764789370512 0.923469387755102 13
1764789371404 0.9183673469387755 14
