1764789358738 0.4975075697412296 0
1764789359663 0.41196000880124617 1
1764789360630 0.3511317895383251 2
1764789361539 0.31649041221458085 3
1764789362437 0.316058949548371 4
1764789363353 0.27938122956120237 5
1764789364269 0.2752310366046672 6
1764789365165 0.24680540999587702 7
1764789366036 0.23841206151611952 8
1764789366913 0.2596112444084518 9
1764789367845 0.22805436168398177 10
1764789368735 0.21822238363781754 11
1764789369621 0.2081325589394083 12
1764789370512 0.20938478319012388 13
1764789371404 0.23726735431320814 14
