1764789469094 0.7704081632653061 0
1764789470092 0.8775510204081632 1
1764789471048 0.8979591836734694 2
1764789472030 0.9183673469387755 3
1764789472978 0.8826530612244898 4
1764789474010 0.8061224489795918 5
1764789474981 0.8520408163265306 6
1764789475990 0.923469387755102 7
1764789476930 0.8928571428571429 8
1764789477959 0.9540816326530612 9
1764789478944 0.9438775510204082 10
1764789479916 0.9744897959183674 11
1764789480877 0.9438775510204082 12
1764789481819 0.9387755102040817 13
1764789482790 0.9489795918367347 14
