1764789469094 0.45459821820259094 0
1764789470092 0.2878722353857391 1
1764789471048 0.23765317031315394 2
1764789472030 0.19496368312714052 3
1764789472978 0.23791558036998828 4
1764789474010 0.37714425884947483 5
1764789474981 0.30356615416857663 6
1764789475990 0.18392477047686673 7
1764789476930 0.2195898005168657 8
1764789477959 0.15606191875983258 9
1764789478944 0.14049996758754157 10
1764789479916 0.10542326314108712 11
1764789480877 0.13400677675191236 12
1764789481819 0.1641274654135412 13
1764789482790 0.1344287705664732 14
