1764789549017 0.7959183673469388 0
1764789549970 0.8469387755102041 1
1764789550982 0.9336734693877551 2
1764789551965 0.9336734693877551 3
1764789552909 0.9183673469387755 4
1764789553884 0.9132653061224489 5
1764789554898 0.8928571428571429 6
1764789555898 0.8826530612244898 7
1764789556860 0.9438775510204082 8
1764789557856 0.9336734693877551 9
1764789558865 0.8877551020408163 10
1764789559869 0.9540816326530612 11
1764789560854 0.9642857142857143 12
1764789561823 0.9387755102040817 13
1764789562791 0.9438775510204082 14
