1764789549017 0.43604770728519987 0
1764789549970 0.3144001836071209 1
1764789550982 0.2197762131690979 2
1764789551965 0.20072205410319932 3
1764789552909 0.20223525911569595 4
1764789553884 0.19440513362689893 5
1764789554898 0.2832492060807286 6
1764789555898 0.2805246315440353 7
1764789556860 0.15573276701022168 8
1764789557856 0.15517874335756107 9
1764789558865 0.18716017871486898 10
1764789559869 0.12054516359859584 11
1764789560854 0.109979903895636 12
1764789561823 0.13299514018759437 13
1764789562791 0.13831751200617576 14
