1764789576945 0.7857142857142857 0
1764789577902 0.8622448979591837 1
1764789578877 0.8724489795918368 2
1764789579842 0.9183673469387755 3
1764789580848 0.9591836734693877 4
1764789581804 0.9438775510204082 5
1764789582819 0.9438775510204082 6
1764789583785 0.9438775510204082 7
1764789584780 0.9642857142857143 8
1764789585821 0.9387755102040817 9
1764789586829 0.9591836734693877 10
1764789587831 0.9081632653061225 11
1764789588810 0.9438775510204082 12
1764789589781 0.9387755102040817 13
1764789590788 0.9285714285714286 14
