1764789576945 0.43062784173050705 0
1764789577902 0.26073681243828367 1
1764789578877 0.22958743781307522 2
1764789579842 0.18338041159571433 3
1764789580848 0.15106184358651542 4
1764789581804 0.12727398410135385 5
1764789582819 0.14575541019439697 6
1764789583785 0.15613580586350695 7
1764789584780 0.12259115704468318 8
1764789585821 0.1345709331751782 9
1764789586829 0.09330867261302714 10
1764789587831 0.17009884362318078 11
1764789588810 0.11861250382296894 12
1764789589781 0.15994789021811923 13
1764789590788 0.13135056836264475 14
