1764789484066 0.7142857142857143 0
1764789485045 0.826530612244898 1
1764789486019 0.8469387755102041 2
1764789487000 0.8928571428571429 3
1764789487971 0.9030612244897959 4
1764789488957 0.8724489795918368 5
1764789489936 0.8928571428571429 6
1764789490903 0.8877551020408163 7
1764789491891 0.9336734693877551 8
1764789492861 0.9285714285714286 9
1764789493817 0.9540816326530612 10
1764789494820 0.9387755102040817 11
1764789495821 0.9132653061224489 12
1764789496818 0.9285714285714286 13
1764789497775 0.9285714285714286 14
