1764789484066 0.5467154030897179 0
1764789485045 0.33169656931137553 1
1764789486019 0.2793384781297372 2
1764789487000 0.24256877844430963 3
1764789487971 0.2320661447486099 4
1764789488957 0.26595455712201643 5
1764789489936 0.2278901623485952 6
1764789490903 0.22621065560652284 7
1764789491891 0.19346626194155947 8
1764789492861 0.1768012905341326 9
1764789493817 0.1479518243244716 10
1764789494820 0.17986212883676803 11
1764789495821 0.17984010005483822 12
1764789496818 0.19182384622340298 13
1764789497775 0.16154761429952116 14
