1764789418531 0.5315342946928374 0
1764789419411 0.4163496810562757 1
1764789420300 0.37779511602557436 2
1764789421201 0.33529218423123264 3
1764789422152 0.29868421688371777 4
1764789423070 0.29811012623261435 5
1764789423959 0.274016408287749 6
1764789424838 0.2642192712851933 7
1764789425733 0.23891193708594965 8
1764789426652 0.23359907737800054 9
1764789427575 0.2427490177203198 10
1764789428474 0.20480881418500627 11
1764789429373 0.22105722403039738 12
1764789430268 0.2032769894113346 13
1764789431159 0.1947065214721524 14
