1764789418531 0.7602040816326531 0
1764789419411 0.8163265306122449 1
1764789420300 0.8163265306122449 2
1764789421201 0.8163265306122449 3
1764789422152 0.8469387755102041 4
1764789423070 0.8571428571428571 5
1764789423959 0.8826530612244898 6
1764789424838 0.9081632653061225 7
1764789425733 0.9081632653061225 8
1764789426652 0.923469387755102 9
1764789427575 0.8979591836734694 10
1764789428474 0.9489795918367347 11
1764789429373 0.8979591836734694 12
1764789430268 0.9336734693877551 13
1764789431159 0.9591836734693877 14
