1764789372632 0.5613290399921184 0
1764789373574 0.4429830507356293 1
1764789374473 0.4273604303598404 2
1764789375371 0.40357930958271027 3
1764789376265 0.3954635633497822 4
1764789377216 0.37308385968208313 5
1764789378079 0.36744815354444543 6
1764789378969 0.34351440291015467 7
1764789379862 0.3222940521580832 8
1764789380769 0.32288085076273704 9
1764789381658 0.30639650383774114 10
1764789382595 0.29894149942057474 11
1764789383472 0.2938562373117525 12
1764789384371 0.27754952135134714 13
1764789385263 0.28746937397791417 14
