1764789372632 0.8061224489795918 0
1764789373574 0.8163265306122449 1
1764789374473 0.8163265306122449 2
1764789375371 0.8163265306122449 3
1764789376265 0.8163265306122449 4
1764789377216 0.8163265306122449 5
1764789378079 0.8163265306122449 6
1764789378969 0.8163265306122449 7
1764789379862 0.8163265306122449 8
1764789380769 0.826530612244898 9
1764789381658 0.8367346938775511 10
1764789382595 0.8622448979591837 11
1764789383472 0.8724489795918368 12
1764789384371 0.8673469387755102 13
1764789385263 0.8571428571428571 14
