1764789315032 0.7091836734693877 0
1764789315979 0.8163265306122449 1
1764789316967 0.8214285714285714 2
1764789317924 0.8214285714285714 3
1764789318881 0.8163265306122449 4
1764789319836 0.8163265306122449 5
1764789320813 0.8673469387755102 6
1764789321797 0.8979591836734694 7
1764789322748 0.8724489795918368 8
1764789323716 0.8979591836734694 9
1764789324738 0.9336734693877551 10
1764789325684 0.9387755102040817 11
1764789326725 0.9387755102040817 12
1764789327697 0.923469387755102 13
1764789328687 0.9336734693877551 14
