1764789315032 0.5448671701003094 0
1764789315979 0.4189199403840668 1
1764789316967 0.40973122874084783 2
1764789317924 0.37214183685730917 3
1764789318881 0.3226535384144102 4
1764789319836 0.3222060154895393 5
1764789320813 0.28548528345263735 6
1764789321797 0.2817399672099522 7
1764789322748 0.2676930652589214 8
1764789323716 0.2457734638330888 9
1764789324738 0.23433840031526526 10
1764789325684 0.2305092936267658 11
1764789326725 0.22591049817143655 12
1764789327697 0.21577781651701247 13
1764789328687 0.20600200216380918 14
