1764789529113 0.4619584113967662 0
1764789530089 0.2938174346880037 1
1764789531064 0.27120876981287584 2
1764789532028 0.27061525291326094 3
1764789532990 0.20157065653071113 4
1764789533977 0.1710981150366822 5
1764789534993 0.1670637037985179 6
1764789535987 0.15385544786647876 7
1764789536961 0.1380504561322076 8
1764789537935 0.14468014780051855 9
1764789538922 0.13349908827899062 10
1764789539903 0.11323393394752425 11
1764789540913 0.10782536560175371 12
1764789541866 0.09404869651307865 13
1764789542863 0.08160089644394358 14
