1764789529113 0.7244897959183674 0
1764789530089 0.8520408163265306 1
1764789531064 0.8469387755102041 2
1764789532028 0.8622448979591837 3
1764789532990 0.9336734693877551 4
1764789533977 0.9438775510204082 5
1764789534993 0.9489795918367347 6
1764789535987 0.9540816326530612 7
1764789536961 0.9693877551020408 8
1764789537935 0.9438775510204082 9
1764789538922 0.9591836734693877 10
1764789539903 0.9438775510204082 11
1764789540913 0.9744897959183674 12
1764789541866 0.9693877551020408 13
1764789542863 0.9795918367346939 14
