1764789646839 0.5435680765278486 0
1764789647992 0.32656288633541186 1
1764789649006 0.27942097019784307 2
1764789650300 0.22621166941766835 3
1764789651281 0.21160010795812217 4
1764789652515 0.19171029907100054 5
1764789653730 0.16763678170284446 6
1764789654711 0.14855705551346954 7
1764789655970 0.12646428571671856 8
1764789656927 0.1288239250377733 9
1764789657896 0.11079474949106878 10
1764789658865 0.14675973154300329 11
1764789659853 0.13224185638281763 12
1764789660808 0.2316713948943177 13
1764789661752 0.19723766433949375 14
1764789662700 0.1568425303819228 15
1764789663709 0.14424431810573657 16
1764789664668 0.14552046206532693 17
1764789665673 0.12400871522876682 18
1764789667037 0.09876068575041634 19
1764789668056 0.1231676912581434 20
1764789669009 0.09616448258867069 21
1764789669974 0.07748456040815431 22
1764789670909 0.0856908599713019 23
1764789671915 0.058426987949986846 24
1764789672846 0.05608819333874449 25
1764789673819 0.09408337668496736 26
1764789674795 0.09846220781304399 27
1764789675734 0.08829834281790014 28
1764789676684 0.07761564257801795 29
1764789677724 0.08462026885387544 30
1764789678701 0.0497524981596032 31
1764789679699 0.08201829252802596 32
1764789680687 0.061520607115662825 33
1764789681653 0.08957495342712013 34
1764789682626 0.14890964420474306 35
1764789683608 0.1479701181637285 36
1764789684579 0.10497249123089168 37
1764789685576 0.11064597515731442 38
1764789686630 0.06135215249140652 39
1764789687601 0.06212824059422223 40
1764789688556 0.05059595710160781 41
1764789689535 0.045163794629731954 42
1764789690558 0.054082724816945135 43
1764789691525 0.04113217849968648 44
1764789692513 0.08474717304414632 45
1764789693486 0.11897552956123741 46
1764789694441 0.11216633280321044 47
1764789695408 0.07251902973773527 48
1764789696380 0.06674612313508987 49
1764789697372 0.05426452813517987 50
1764789698393 0.07589385349645603 51
1764789699389 0.04452262849223857 52
1764789700361 0.04161917642519182 53
1764789701330 0.05501913568195032 54
1764789702321 0.04442465153275704 55
1764789703294 0.03520484648796977 56
1764789704301 0.03601468891161969 57
1764789705292 0.03470120605613504 58
1764789706258 0.035654474011793426 59
1764789646839 0.5435680765278486 0
