1764789646839 0.7091836734693877 0
1764789647992 0.8163265306122449 1
1764789649006 0.8826530612244898 2
1764789650300 0.9132653061224489 3
1764789651281 0.923469387755102 4
1764789652515 0.9132653061224489 5
1764789653730 0.9387755102040817 6
1764789654711 0.9387755102040817 7
1764789655970 0.9591836734693877 8
1764789656927 0.9489795918367347 9
1764789657896 0.9591836734693877 10
1764789658865 0.9285714285714286 11
1764789659853 0.9489795918367347 12
1764789660808 0.8979591836734694 13
1764789661752 0.8979591836734694 14
1764789662700 0.9285714285714286 15
1764789663709 0.9387755102040817 16
1764789664668 0.9387755102040817 17
1764789665673 0.9438775510204082 18
1764789667037 0.9642857142857143 19
1764789668056 0.9540816326530612 20
1764789669009 0.9744897959183674 21
1764789669974 0.9795918367346939 22
1764789670909 0.9846938775510204 23
1764789671915 0.9897959183673469 24
1764789672846 0.9846938775510204 25
1764789673819 0.9693877551020408 26
1764789674795 0.9642857142857143 27
1764789675734 0.9744897959183674 28
1764789676684 0.9744897959183674 29
1764789677724 0.9693877551020408 30
1764789678701 0.9948979591836735 31
1764789679699 0.9744897959183674 32
1764789680687 0.9795918367346939 33
1764789681653 0.9693877551020408 34
1764789682626 0.9387755102040817 35
1764789683608 0.9336734693877551 36
1764789684579 0.9540816326530612 37
1764789685576 0.9642857142857143 38
1764789686630 0.9795918367346939 39
1764789687601 0.9795918367346939 40
1764789688556 0.9897959183673469 41
1764789689535 0.9897959183673469 42
1764789690558 0.9846938775510204 43
1764789691525 0.9897959183673469 44
1764789692513 0.9897959183673469 45
1764789693486 0.9438775510204082 46
1764789694441 0.9540816326530612 47
1764789695408 0.9744897959183674 48
1764789696380 0.9846938775510204 49
1764789697372 0.9897959183673469 50
1764789698393 0.9591836734693877 51
1764789699389 0.9897959183673469 52
1764789700361 0.9948979591836735 53
1764789701330 0.9744897959183674 54
1764789702321 0.9795918367346939 55
1764789703294 0.9897959183673469 56
1764789704301 0.9948979591836735 57
1764789705292 0.9846938775510204 58
1764789706258 1.0 59
1764789646839 0.7091836734693877 0
