1764789329960 0.7653061224489796 0
1764789330955 0.8163265306122449 1
1764789331926 0.8163265306122449 2
1764789332919 0.8163265306122449 3
1764789333902 0.8163265306122449 4
1764789334914 0.8163265306122449 5
1764789335848 0.8367346938775511 6
1764789336841 0.8775510204081632 7
1764789337823 0.8673469387755102 8
1764789338795 0.9183673469387755 9
1764789339783 0.9387755102040817 10
1764789340745 0.923469387755102 11
1764789341686 0.923469387755102 12
1764789342674 0.9285714285714286 13
1764789343631 0.9438775510204082 14
