1764789329960 0.5062109767174234 0
1764789330955 0.4197404068343493 1
1764789331926 0.3897933400407129 2
1764789332919 0.35126994094070124 3
1764789333902 0.3128776811823553 4
1764789334914 0.31262169261367956 5
1764789335848 0.27717614417173425 6
1764789336841 0.26384201159282605 7
1764789337823 0.2390273614805572 8
1764789338795 0.23483676280902357 9
1764789339783 0.2214907556772232 10
1764789340745 0.2031561489007911 11
1764789341686 0.22303846904209682 12
1764789342674 0.21746707540385576 13
1764789343631 0.19572199972308413 14
