1764789499074 0.8061224489795918 0
1764789500055 0.8622448979591837 1
1764789501038 0.8316326530612245 2
1764789502050 0.8826530612244898 3
1764789503014 0.9132653061224489 4
1764789503991 0.9387755102040817 5
1764789505005 0.9438775510204082 6
1764789506047 0.9183673469387755 7
1764789507041 0.9540816326530612 8
1764789508027 0.9387755102040817 9
1764789509002 0.9489795918367347 10
1764789509999 0.9540816326530612 11
1764789510972 0.9285714285714286 12
1764789511951 0.9387755102040817 13
1764789512932 0.9438775510204082 14
