1764789499074 0.47582179551221887 0
1764789500055 0.34998783575637 1
1764789501038 0.3084839580922711 2
1764789502050 0.2608325928449631 3
1764789503014 0.2211198612135284 4
1764789503991 0.21077309031875766 5
1764789505005 0.20880358506526267 6
1764789506047 0.2044335311772872 7
1764789507041 0.17587479948997498 8
1764789508027 0.17469717197272241 9
1764789509002 0.15277839414015107 10
1764789509999 0.15335423119214117 11
1764789510972 0.16423884459904262 12
1764789511951 0.1510639108565389 13
1764789512932 0.14510084559418718 14
