1764789615189 0.4844115577181991 0
1764789616181 0.3114047909573633 1
1764789617138 0.25717976567696554 2
1764789618135 0.25418102173894946 3
1764789619085 0.2092316807532797 4
1764789620079 0.1677005462804619 5
1764789621079 0.17919553907550112 6
1764789622086 0.1795567195026242 7
1764789623044 0.13853979414823103 8
1764789624028 0.14647251930163832 9
1764789624978 0.13547751976519215 10
1764789625916 0.12682146016432314 11
1764789626897 0.12779766442824383 12
1764789627863 0.15213958326042915 13
1764789628824 0.1444501122649835 14
