1764789615189 0.8061224489795918 0
1764789616181 0.826530612244898 1
1764789617138 0.8877551020408163 2
1764789618135 0.8622448979591837 3
1764789619085 0.923469387755102 4
1764789620079 0.9489795918367347 5
1764789621079 0.9387755102040817 6
1764789622086 0.9132653061224489 7
1764789623044 0.9693877551020408 8
1764789624028 0.9489795918367347 9
1764789624978 0.9489795918367347 10
1764789625916 0.9489795918367347 11
1764789626897 0.9693877551020408 12
1764789627863 0.923469387755102 13
1764789628824 0.9285714285714286 14
