1764789403367 0.7755102040816326 0
1764789404426 0.8163265306122449 1
1764789405386 0.8163265306122449 2
1764789406362 0.8163265306122449 3
1764789407349 0.8214285714285714 4
1764789408308 0.8520408163265306 5
1764789409337 0.8775510204081632 6
1764789410335 0.8724489795918368 7
1764789411342 0.8979591836734694 8
1764789412367 0.9285714285714286 9
1764789413368 0.8979591836734694 10
1764789414329 0.923469387755102 11
1764789415348 0.9540816326530612 12
1764789416333 0.9438775510204082 13
1764789417306 0.9336734693877551 14
