1764789403367 0.5139284255553265 0
1764789404426 0.42752970907152915 1
1764789405386 0.36924526414700914 2
1764789406362 0.3473261284584902 3
1764789407349 0.3103575791631426 4
1764789408308 0.29002492707602834 5
1764789409337 0.27727489355875523 6
1764789410335 0.27723757648954583 7
1764789411342 0.24890661482908288 8
1764789412367 0.2420296602103175 9
1764789413368 0.23769497202367199 10
1764789414329 0.21615984374467206 11
1764789415348 0.19250676872170702 12
1764789416333 0.19240642749533363 13
1764789417306 0.2024403717748973 14
